# Created by Octave 3.2.4, Wed Nov 19 16:24:39 2014 IST <sharath@sharath-HP-ProBook-4510s>
# name: ans
# type: scalar
0
# name: i
# type: scalar
5
# name: j
# type: scalar
6
# name: nc
# type: scalar
8
# name: nv
# type: scalar
4
# name: rel
# type: matrix
# rows: 9
# columns: 1
 2
 2
 1
 2
 1
 1
 1
 1
 0
# name: table
# type: matrix
# rows: 9
# columns: 5
 16.5 1 4.5 1.2 50
 200 600 160 20 2500
 0.5 0.45 0.2 0.16 5
 0.65 1.5 6.5 15 150
 1 0 0 0 3
 0 1 0 0 3
 0 0 1 0 2
 0 0 0 1 9
 5 4 4 3 0
