# Created by Octave 3.2.4, Wed Nov 19 16:24:39 2014 IST <sharath@sharath-HP-ProBook-4510s>
# name: ans
# type: scalar
0
# name: i
# type: scalar
5
# name: j
# type: scalar
6
# name: nc
# type: scalar
4
# name: nv
# type: scalar
4
# name: rel
# type: matrix
# rows: 5
# columns: 1
 1
 1
 2
 1
 0
# name: table
# type: matrix
# rows: 5
# columns: 5
 6.5000e+00   7.7500e+01   5.0000e-02   6.5000e-01   5.0000e+00
 1.3000e+00   5.5500e+01   4.5000e-01   1.1500e+01   2.5000e+00
 4.5000e+00   5.8000e+01   2.0000e-01   1.0000e+01   4.0000e+00
 1.2000e+00   2.8400e+01   1.6000e-01   6.0000e+00   1.0000e+00
 3.0000e+01   2.5000e+03   1.0000e+02   1.3000e+02   0.0000e+00
