# Created by Octave 3.2.4, Wed Nov 19 16:24:39 2014 IST <sharath@sharath-HP-ProBook-4510s>
# name: ans
# type: scalar
0
# name: i
# type: scalar
5
# name: j
# type: scalar
6
# name: nc
# type: scalar
8
# name: nv
# type: scalar
4
# name: rel
# type: matrix
# rows: 9
# columns: 1
 2
 2
 1
 2
 2
 2
 2
 2
 0
# name: table
# type: matrix
# rows: 9
# columns: 5
 6.5 1.3 4.5 1.2 30
 77.5 55.5 58 28.4 2500
 0.05 0.45 0.2 0.16 10
 0.65 11.5 10 6 130
 1 0 0 0 0
 0 1 0 0 0
 0 0 1 0 0
 0 0 0 1 0
 5 2.5 4 1 0
